Нужет авто-робот трейдер/бот.
Есть html страница: https://binaryoptions.vantagefx.com/app/index.html
Account 1:
    Demo Account Number: 123291747
    Password: v8VAG

Account 20k:
    Demo Account Number: 123292603
    Password: abG82

Слева вверху открываешь закладку Short-Term, 60 seconds. Там 10 пар валют.
Справа, есть градусник Trader's Choice с процентами. Он разный для каждой пары и обновляется каждые 2 секунды.

Для осуществления ставки, нужно для начала выбрать пару, далее High или Low, вписать сумму ставки
от 10 до 500 и кликнуть Buy. Buy иногда не проходит из-за того что скакнула цена. Нужно нажать снова.


Что мне нужно:
В апплете (созданным тобой) я выбираю диапазон Trader's Choice от 29 до 71 для всех валют в общем.
К примеру я забиваю 70-71. Это значит, что если у какой-то пары будет такой процент на High или Low
(т.е. сверху или снизу), то делается покупка в соответствующую сторону.
Следующая покупка по этой же паре (при таком же % диапазоне) может совершится только через 70 секунд.

Должна быть возможность переключения на "против рынка" т.е. когда скажем 71/29
(большинство за повышение), делается покупка на понижение.

Должна быть возможность отключения/включения каждой пары, так как есть временной период когда пары
не тогруются. Или просто по времени сделать отключение/включение(от и до) по времени компа.

Хотелось бы добавить ещё закладку по 2 минутам и 5 минутам. % остаются те же, что и для 60 секунд.
Т.е. дважды анализировать их не нужно.

Лёш, ещё тебя хотел попросить, можешь сделать так, чтобы задержку можно было регулировать в ручную.
Скажем от 10 сек до 10 мин. Я имею ввиду задержку следующего трейда по той же паре если % не изменился
и подходит под критерии. Ок?



//OK[

0,0,0,
'VOAfmIw',0,0,0,0,0,0,0,0,0,0,14,17124.0,17124.0,
'XEnP',0.0,17124.0,5,14,17124.0,17124.0,
'XEmu',0.0,17124.0,5,14,17124.0,17124.0,
'XEnO',0.0,17124.0,5,3,2,0,0,0,2,0,0,0,310,0,0,72.45,167,121,4,3,1.12761,115,121,4,3,2.13739,156,121,4,3,0.99178,138,
121,4,3,0.65926,113,121,4,3,281.255,158,121,4,3,16.298,59,121,4,3,111.035,104,121,4,3,44.725,50,121,4,3,105.145,11,121,
4,3,1.33416,32,121,4,3,2001.0,39,121,4,3,0.65195,122,121,4,3,23.515,146,121,4,3,139876.82,94,121,4,3,1.10735,4,121,4,3,
1703.75,155,121,4,3,1.38479,159,121,4,3,2883.5,105,121,4,3,1.39348,141,121,4,3,17.731,112,121,4,3,46.045,60,121,4,3,
37.81,14,121,4,3,125.976,21,121,4,3,7515.25,79,121,4,3,6305.78,93,121,4,3,1.8955,121,121,4,3,3600.0,106,121,4,3,
3.87684,166,121,4,3,220.125,24,121,4,3,0.98893,107,121,4,3,834.97,132,121,4,3,573.12,57,121,4,3,41.05,169,121,4,3,
163.925,29,121,4,3,1.48961,120,121,4,3,1229.535,15,121,4,3,3.7981,160,121,4,3,1868.2,133,121,4,3,16.012,30,121,4,3,
29.005,147,121,4,3,2.91754,43,121,4,3,123.195,52,121,4,3,727.85,10,121,4,3,5095.5,92,121,4,3,0.74124,140,121,4,3,
524.75,154,121,4,3,3.23074,44,121,4,3,4444.5,9,121,4,3,33.615,58,121,4,3,367.75,135,121,4,3,59.34,51,121,4,3,6.5222,
161,121,4,3,28.035,168,121,4,3,25613.81,134,121,4,3,27.705,54,121,4,3,82.06,100,121,4,3,106.9,152,121,4,3,8.59195,109,
121,4,3,16.515,144,121,4,3,190.55,153,121,4,3,10008.25,8,121,4,3,70.47875,118,121,4,3,959.8,26,121,4,3,61.7,99,121,4,3,
6.7333,162,121,4,3,16840.0,90,121,4,3,3293.21,127,121,4,3,85.271,108,121,4,3,17217.28,172,121,4,3,42.37,101,121,4,3,
42.77,126,121,4,3,6.312,151,121,4,3,53.765,53,121,4,3,15.48,137,121,4,3,0.73516,119,121,4,3,115.039,142,121,4,3,
143.77,98,121,4,3,8.32055,163,121,4,3,59.505,102,121,4,3,10221.03,128,121,4,3,17124.0,7,121,4,3,20334.0,91,121,4,3,
5.295,170,121,4,3,25.53,116,121,4,3,21.883,61,121,4,3,7753.005,88,121,4,3,15.22,25,121,4,3,0.78586,18,121,4,3,8911.0,
42,121,4,3,2.2308,97,121,4,3,151.3,143,121,4,3,226.75,69,121,4,3,1.47737,111,121,4,3,350.075,28,121,4,3,1.40909,5,121,
4,3,32.485,125,121,4,3,15.665,150,121,4,3,129.225,136,121,4,3,160.303,19,121,4,3,13270.0,165,121,4,3,35.4,62,121,4,3,
362.05,68,121,4,3,9.5143,110,121,4,3,24696.13,130,121,4,3,180.055,103,121,4,3,113.764,27,121,4,3,41.87,171,121,4,3,
4353.125,6,121,4,3,144.6,117,121,4,3,80.7842,96,121,4,3,31.31,55,121,4,3,1056.44,123,121,4,3,415.32,157,121,4,3,
16.875,124,121,4,3,97.62,148,121,4,3,0.74339,31,121,4,3,47359.0,131,121,4,3,17.9,139,121,4,3,6090.75,22,121,4,3,
1110.34,95,121,4,3,84.57,114,121,4,3,122,2,0,1,

["com.optionfair.client.model.ClientUpdatePack/839029662",
"java.util.ArrayList/4159755760",
"com.optionfair.client.model.AssetUpdate/3263927368",
"rO0ABXcEAAAAAA\x3D\x3D",
"com.optionfair.client.model.OptionUpdateChangeStrike/3365438592"
],0,7]